L 20 0 20 240 255 255 0
L 40 0 40 240 255 255 0
L 60 0 60 240 255 255 0
L 80 0 80 240 255 255 0
L 100 0 100 240 255 255 0
L 120 0 120 240 255 255 0
L 140 0 140 240 255 255 0
L 160 0 160 240 255 255 0
L 180 0 180 240 255 255 0
L 200 0 200 240 255 255 0
L 220 0 220 240 255 255 0
L 0 20 240 20 255 255 0
L 0 40 240 40 255 255 0
L 0 60 240 60 255 255 0
L 0 80 240 80 255 255 0
L 0 100 240 100 255 255 0
L 0 120 240 120 255 255 0
L 0 140 240 140 255 255 0
L 0 160 240 160 255 255 0
L 0 180 240 180 255 255 0
L 0 200 240 200 255 255 0
L 0 220 240 220 255 255 0
D 230 110 10 255 0 255
